"15762a68430f084b0064a5041604c562"
"1f62ab6ad84ea03c1f257dce43aebab0"
(preamble 0 1 46 1 46)
(0 0 1 46 38 45)
(brace 6 1 38 1 38)
(brace 9 44 46 45 46)
(comment 0 49 50 49 50)
(1 0 50 115 106 114)
(comment 0 50 51 50 51)
(brace 8 104 106 105 106)
(brace 9 113 115 114 115)
(comment 0 116 117 116 117)
(1 0 117 197 188 196)
(comment 0 117 118 117 118)
(brace 8 186 188 187 188)
(brace 9 195 197 196 197)
(1 0 198 220 211 219)
(brace 0 198 211 199 211)
(comment 0 198 199 198 199)
(brace 9 218 220 219 220)
(comment 0 221 222 221 222)
(brace 8 230 232 231 232)
(brace 9 304 306 305 306)
(comment 0 308 309 308 309)
(comment 0 309 310 309 310)
(comment 0 310 311 310 311)
(comment 0 311 312 311 312)
(comment 0 312 313 312 313)
(comment 0 313 314 313 314)
(comment 0 314 315 314 315)
(comment 0 315 316 315 316)
(comment 0 316 317 316 317)
(comment 0 317 318 317 318)
(comment 0 318 319 318 319)
(comment 0 319 320 319 320)
(comment 0 320 321 320 321)
(comment 0 321 322 321 322)
(comment 0 322 323 322 323)
(comment 0 323 324 323 324)
(comment 0 324 325 324 325)
(comment 0 325 326 325 326)
(comment 0 326 327 326 327)
(comment 0 327 328 327 328)
(comment 0 328 329 328 329)
(comment 0 329 330 329 330)
(comment 0 330 331 330 331)
(comment 0 331 332 331 332)
(comment 0 332 333 332 333)
(comment 0 333 334 333 334)
(comment 0 334 335 334 335)
(comment 0 335 336 335 336)
(comment 0 337 338 337 338)
(comment 0 338 339 338 339)
(comment 0 363 364 363 364)
(comment 0 364 365 364 365)
(comment 0 366 367 366 367)
(comment 0 367 368 367 368)
(comment 0 368 369 368 369)
(comment 0 369 370 369 370)
(comment 0 370 371 370 371)
(comment 0 371 372 371 372)
(comment 0 372 373 372 373)
(comment 0 373 374 373 374)
(comment 0 374 375 374 375)
(comment 0 375 376 375 376)
(comment 0 376 377 376 377)
(comment 0 377 378 377 378)
(comment 0 378 379 378 379)
(comment 0 379 380 379 380)
(comment 0 380 381 380 381)
(comment 0 381 382 381 382)
(comment 0 382 383 382 383)
(comment 0 383 384 383 384)
(comment 0 384 385 384 385)
(comment 0 385 386 385 386)
(comment 0 386 387 386 387)
(comment 0 387 388 387 388)
(comment 0 388 389 388 389)
(comment 0 389 390 389 390)
(comment 0 390 391 390 391)
(comment 0 391 392 391 392)
(comment 0 392 393 392 393)
(comment 0 393 394 393 394)
(1 0 395 422 416 421)
(brace 8 414 416 415 416)
(brace 9 420 422 421 422)
(comment 0 423 424 423 424)
(brace 8 435 437 436 437)
(brace 9 444 446 445 446)
(1 0 448 467 460 466)
(brace 0 448 460 448 460)
(brace 9 465 467 466 467)
(1 0 468 489 480 488)
(brace 0 468 480 468 480)
(brace 9 487 489 488 489)
(1 0 490 520 511 519)
(comment 0 490 491 490 491)
(brace 8 509 511 510 511)
(brace 9 518 520 519 520)
(1 0 521 548 539 547)
(brace 8 537 539 538 539)
(brace 9 546 548 547 548)
(1 0 549 619 610 618)
(brace 8 608 610 609 610)
(brace 9 617 619 618 619)
(1 0 620 643 633 642)
(brace 0 620 633 621 633)
(comment 0 620 621 620 621)
(brace 9 641 643 642 643)
(1 0 644 677 669 676)
(brace 8 667 669 668 669)
(brace 9 675 677 676 677)
(1 0 678 712 705 711)
(brace 8 703 705 704 705)
(brace 9 710 712 711 712)
(1 0 713 733 725 732)
(brace 0 713 725 713 725)
(brace 9 731 733 732 733)
(1 0 734 754 746 753)
(brace 0 734 746 734 746)
(brace 9 752 754 753 754)
(1 0 755 776 767 775)
(brace 0 755 767 755 767)
(brace 9 774 776 775 776)
(1 0 777 796 789 795)
(brace 0 777 789 777 789)
(brace 9 794 796 795 796)
(1 0 797 818 809 817)
(brace 0 797 809 797 809)
(brace 9 816 818 817 818)
(1 0 819 840 831 839)
