"537c69f244569e7ad8237341f31f7905"
"644187edc80741fc27bdfbe6dff2bd0d"
(comment 0 2 3 2 3)
(comment 0 3 4 3 4)
(comment 0 4 5 4 5)
(comment 0 23 24 23 24)
(comment 0 24 25 24 25)
(comment 0 25 26 25 26)
(comment 0 39 40 39 40)
(comment 0 40 41 40 41)
(comment 0 41 42 41 42)
(comment 0 76 77 76 77)
(comment 0 77 78 77 78)
(comment 0 78 79 78 79)
(section 0 86 102 95 101)
(brace 8 93 95 94 95)
(brace 9 100 102 101 102)
(section 0 105 133 114 132)
(brace 8 112 114 113 114)
(brace 9 131 133 132 133)
(inline-math 0 210 211 210 211)
(inline-math 0 214 215 214 215)
(inline-math 0 240 241 240 241)
(inline-math 0 244 245 244 245)
(environment 0 247 263 247 263)
(brace 3 247 254 247 254)
(brace 9 261 263 262 263)
(brace 8 274 276 275 276)
(brace 9 278 280 279 280)
(brace 8 279 281 280 281)
(brace 9 288 290 289 290)
(brace 8 302 304 303 304)
(brace 9 304 306 305 306)
(brace 8 315 317 316 317)
(brace 9 318 320 319 320)
(environment 1 323 337 323 337)
(brace 4 323 328 323 328)
(brace 9 335 337 336 337)
(section 0 340 367 349 366)
(brace 8 347 349 348 349)
(brace 9 365 367 366 367)
(inline-math 0 553 554 553 554)
(brace 8 558 560 559 560)
(brace 9 560 562 561 562)
(inline-math 0 562 563 562 563)
(environment 0 567 583 567 583)
(brace 3 567 574 567 574)
(brace 9 581 583 582 583)
(label 0 583 602 591 601)
(brace label 583 591 584 591)
(brace 9 600 602 601 602)
(brace 8 607 609 608 609)
(brace 9 609 611 610 611)
(brace 8 618 620 619 620)
(brace 9 623 625 624 625)
(brace 8 632 634 633 634)
(brace 9 634 636 635 636)
(environment 1 638 652 638 652)
(brace 4 638 643 638 643)
(brace 9 650 652 651 652)
(inline-math 0 659 660 659 660)
(brace 8 664 666 665 666)
(brace 9 669 671 670 671)
(inline-math 0 671 672 671 672)
(inline-math 0 708 709 708 709)
(brace 8 713 715 714 715)
(brace 9 715 717 716 717)
(inline-math 0 717 718 717 718)
(environment 0 771 787 771 787)
(brace 3 771 778 771 778)
(brace 9 785 787 786 787)
(label 0 787 806 805 795)
(brace label 787 795 788 795)
(brace 9 804 806 805 806)
(brace 8 812 814 813 814)
(brace 9 814 816 815 816)
(environment 1 826 840 826 840)
(brace 4 826 831 826 831)
(brace 9 838 840 839 840)
(brace 1 867 873 868 873)
(brace 9 882 884 883 884)
(inline-math 0 981 982 981 982)
(brace 8 986 988 987 988)
(brace 9 988 990 989 990)
(inline-math 0 990 991 990 991)
(inline-math 0 1067 1068 1067 1068)
(brace 8 1072 1074 1073 1074)
(brace 9 1074 1076 1075 1076)
(inline-math 0 1076 1077 1076 1077)
(inline-math 0 1328 1329 1328 1329)
(brace 8 1333 1335 1334 1335)
(brace 9 1335 1337 1336 1337)
(inline-math 0 1337 1338 1337 1338)
(inline-math 0 1359 1360 1359 1360)
(inline-math 0 1361 1362 1361 1362)
(inline-math 0 1416 1417 1416 1417)
(brace 8 1421 1423 1422 1423)
(brace 9 1423 1425 1424 1425)
(inline-math 0 1425 1426 1425 1426)
(environment 0 1439 1455 1439 1455)
(brace 3 1439 1446 1439 1446)
(brace 9 1453 1455 1454 1455)
(label 0 1455 1476 1463 1475)
(brace label 1455 1463 1456 1463)
(brace 9 1474 1476 1475 1476)
(brace 8 1481 1483 1482 1483)
(brace 9 1483 1485 1484 1485)
(brace 8 1492 1494 1493 1494)
(brace 9 1494 1496 1495 1496)
(brace 8 1495 1497 1496 1497)
(brace 9 1497 1499 1498 1499)
(brace 8 1504 1506 1505 1506)
(brace 9 1506 1508 1507 1508)
(brace 8 1517 1519 1518 1519)
(brace 9 1525 1527 1526 1527)
(brace 8 1526 1528 1527 1528)
(brace 9 1531 1533 1532 1533)
(brace 8 1538 1540 1539 1540)
(brace 9 1540 1542 1541 1542)
(environment 1 1545 1559 1545 1559)
(brace 4 1545 1550 1545 1550)
(brace 9 1557 1559 1558 1559)
(brace 1 1581 1587 1582 1587)
(brace 9 1596 1598 1597 1598)
(brace 1 1606 1612 1607 1612)
(brace 9 1623 1625 1624 1625)
(environment 0 1664 1680 1664 1680)
(brace 3 1664 1671 1664 1671)
(brace 9 1678 1680 1679 1680)
(label 0 1680 1694 1688 1692)
(brace label 1680 1688 1681 1688)
(brace 9 1692 1694 1693 1694)
(brace 8 1704 1706 1705 1706)
(brace 9 1709 1711 1710 1711)
(brace 8 1715 1717 1716 1717)
(brace 9 1717 1719 1718 1719)
(environment 1 1721 1735 1721 1735)
(brace 4 1721 1726 1721 1726)
(brace 9 1733 1735 1734 1735)
(environment 0 1740 1756 1740 1756)
(brace 3 1740 1747 1740 1747)
(brace 9 1754 1756 1755 1756)
(label 0 1756 1773 1764 1768)
(brace label 1756 1764 1757 1764)
(brace 9 1771 1773 1772 1773)
(brace 8 1778 1780 1779 1780)
(brace 8 1783 1785 1784 1785)
(brace 9 1785 1787 1786 1787)
(brace 9 1786 1788 1787 1788)
(brace 8 1795 1797 1796 1797)
(brace 9 1797 1799 1798 1799)
(brace 8 1806 1808 1807 1808)
(brace 9 1808 1810 1809 1810)
(brace 8 1809 1811 1810 1811)
(brace 9 1811 1813 1812 1813)
(brace 8 1817 1819 1818 1819)
(brace 9 1822 1824 1823 1824)
(environment 1 1827 1841 1827 1841)
(brace 4 1827 1832 1827 1832)
(brace 9 1839 1841 1840 1841)
(brace 1 1896 1902 1897 1902)
(brace 9 1911 1913 1912 1913)
(brace 1 1923 1929 1924 1929)
(brace 9 1940 1942 1941 1942)
(inline-math 0 1973 1974 1973 1974)
(brace 8 1978 1980 1979 1980)
(brace 9 1980 1982 1981 1982)
(inline-math 0 1982 1983 1982 1983)
(environment 0 2041 2057 2041 2057)
(brace 3 2041 2048 2041 2048)
(brace 9 2055 2057 2056 2057)
(label 0 2057 2076 2065 2075)
(brace label 2057 2065 2058 2065)
(brace 9 2074 2076 2075 2076)
(brace 8 2085 2087 2086 2087)
(brace 9 2092 2094 2093 2094)
(brace 8 2103 2105 2104 2105)
(brace 9 2110 2112 2111 2112)
(brace 8 2117 2119 2118 2119)
(brace 8 2122 2124 2123 2124)
(brace 9 2124 2126 2125 2126)
(brace 9 2125 2127 2126 2127)
(brace 8 2134 2136 2135 2136)
(brace 9 2139 2141 2140 2141)
(brace 8 2150 2152 2151 2152)
(brace 9 2155 2157 2156 2157)
(brace 8 2166 2168 2167 2168)
(brace 9 2172 2174 2173 2174)
(brace 8 2178 2180 2179 2180)
(brace 9 2180 2182 2181 2182)
(brace 8 2182 2184 2183 2184)
(brace 9 2194 2196 2195 2196)
(brace 8 2207 2209 2208 2209)
(brace 9 2212 2214 2213 2214)
(brace 8 2222 2224 2223 2224)
(brace 9 2226 2228 2227 2228)
(brace 8 2231 2233 2232 2233)
(brace 9 2233 2235 2234 2235)
(brace 8 2235 2237 2236 2237)
(brace 9 2246 2248 2247 2248)
(brace 8 2260 2262 2261 2262)
(brace 9 2265 2267 2266 2267)
(brace 8 2275 2277 2276 2277)
(brace 9 2279 2281 2280 2281)
(brace 8 2284 2286 2285 2286)
(brace 9 2286 2288 2287 2288)
(brace 8 2288 2290 2289 2290)
(brace 9 2299 2301 2300 2301)
(brace 8 2308 2310 2309 2310)
(brace 9 2316 2318 2317 2318)
(brace 8 2317 2319 2318 2319)
(brace 9 2322 2324 2323 2324)
(brace 8 2329 2331 2330 2331)
(brace 9 2331 2333 2332 2333)
(environment 1 2335 2349 2335 2349)
(brace 4 2335 2340 2335 2340)
(brace 9 2347 2349 2348 2349)
(brace 1 2369 2375 2370 2375)
(brace 9 2384 2386 2385 2386)
(environment 0 2467 2483 2467 2483)
(brace 3 2467 2474 2467 2474)
(brace 9 2481 2483 2482 2483)
(label 0 2483 2499 2491 2498)
(brace label 2483 2491 2484 2491)
(brace 9 2497 2499 2498 2499)
(brace 8 2508 2510 2509 2510)
(brace 9 2511 2513 2512 2513)
(brace 8 2518 2520 2519 2520)
(brace 8 2523 2525 2524 2525)
(brace 9 2525 2527 2526 2527)
(brace 9 2526 2528 2527 2528)
(environment 1 2534 2548 2534 2548)
(brace 4 2534 2539 2534 2539)
(brace 9 2546 2548 2547 2548)
(brace 1 2579 2585 2580 2585)
(brace 9 2594 2596 2595 2596)
(environment 0 2625 2641 2625 2641)
(brace 3 2625 2632 2625 2632)
(brace 9 2639 2641 2640 2641)
(label 0 2641 2658 2649 2653)
(brace label 2641 2649 2642 2649)
(brace 9 2656 2658 2657 2658)
(brace 8 2667 2669 2668 2669)
(brace 9 2674 2676 2675 2676)
(brace 8 2685 2687 2686 2687)
(brace 9 2692 2694 2693 2694)
(brace 8 2699 2701 2700 2701)
(brace 8 2704 2706 2705 2706)
(brace 9 2706 2708 2707 2708)
(brace 9 2707 2709 2708 2709)
(brace 8 2716 2718 2717 2718)
(brace 9 2724 2726 2725 2726)
(brace 8 2725 2727 2726 2727)
(brace 9 2730 2732 2731 2732)
(brace 8 2737 2739 2738 2739)
(brace 9 2739 2741 2740 2741)
(environment 1 2743 2757 2743 2757)
(brace 4 2743 2748 2743 2748)
(brace 9 2755 2757 2756 2757)
(brace 1 2835 2841 2836 2841)
(brace 9 2848 2850 2849 2850)
(environment 0 2980 2996 2980 2996)
(brace 3 2980 2987 2980 2987)
(brace 9 2994 2996 2995 2996)
(label 0 2996 3019 3004 3008)
(brace label 2996 3004 2997 3004)
(brace 9 3017 3019 3018 3019)
(brace 8 3028 3030 3029 3030)
(brace 9 3035 3037 3036 3037)
(brace 8 3046 3048 3047 3048)
(brace 9 3053 3055 3054 3055)
(brace 8 3060 3062 3061 3062)
(brace 8 3065 3067 3066 3067)
(brace 9 3067 3069 3068 3069)
(brace 9 3068 3070 3069 3070)
(environment 1 3076 3090 3076 3090)
(brace 4 3076 3081 3076 3081)
(brace 9 3088 3090 3089 3090)
(environment 0 3117 3133 3117 3133)
(brace 3 3117 3124 3117 3124)
(brace 9 3131 3133 3132 3133)
(label 0 3133 3157 3141 3145)
(brace label 3133 3141 3134 3141)
(brace 9 3155 3157 3156 3157)
(brace 8 3162 3164 3163 3164)
(brace 9 3164 3166 3165 3166)
(brace 8 3165 3167 3166 3167)
(brace 9 3169 3171 3170 3171)
(brace 8 3189 3191 3190 3191)
(brace 8 3194 3196 3195 3196)
(brace 9 3196 3198 3197 3198)
(brace 9 3197 3199 3198 3199)
(brace 8 3253 3255 3254 3255)
(brace 8 3258 3260 3259 3260)
(brace 9 3260 3262 3261 3262)
(brace 9 3261 3263 3262 3263)
(environment 1 3265 3279 3265 3279)
(brace 4 3265 3270 3265 3270)
(brace 9 3277 3279 3278 3279)
(section 0 3397 3437 3406 3436)
(brace 8 3404 3406 3405 3406)
(brace 9 3435 3437 3436 3437)
(environment 0 3657 3673 3657 3673)
(brace 3 3657 3664 3657 3664)
(brace 9 3671 3673 3672 3673)
(label 0 3673 3688 3681 3687)
(brace label 3673 3681 3674 3681)
(brace 9 3686 3688 3687 3688)
(brace 8 3690 3692 3691 3692)
(brace 9 3694 3696 3695 3696)
(brace 8 3710 3712 3711 3712)
(brace 9 3714 3716 3715 3716)
(brace 8 3727 3729 3728 3729)
(brace 9 3731 3733 3732 3733)
(environment 1 3735 3749 3735 3749)
(brace 4 3735 3740 3735 3740)
(brace 9 3747 3749 3748 3749)
(inline-math 0 3756 3757 3756 3757)
(brace 8 3765 3767 3766 3767)
(brace 9 3769 3771 3770 3771)
(inline-math 0 3771 3772 3771 3772)
(inline-math 0 3781 3782 3781 3782)
(brace 8 3790 3792 3791 3792)
(brace 9 3797 3799 3798 3799)
(brace 8 3808 3810 3809 3810)
(brace 9 3815 3817 3816 3817)
(brace 8 3826 3828 3827 3828)
(brace 9 3830 3832 3831 3832)
(inline-math 0 3836 3837 3836 3837)
(inline-math 0 3843 3844 3843 3844)
(brace 8 3853 3855 3854 3855)
(brace 9 3857 3859 3858 3859)
(brace 8 3868 3870 3869 3870)
(brace 9 3872 3874 3873 3874)
(inline-math 0 3875 3876 3875 3876)
(inline-math 0 3908 3909 3908 3909)
(brace 8 3914 3916 3915 3916)
(brace 9 3916 3918 3917 3918)
(inline-math 0 3919 3920 3919 3920)
(environment 0 3922 3939 3922 3939)
(brace 3 3922 3930 3923 3930)
(comment 0 3922 3923 3922 3923)
(brace 9 3937 3939 3938 3939)
(comment 0 3940 3941 3940 3941)
(brace 8 3949 3951 3950 3951)
(brace 9 3956 3958 3957 3958)
(brace 8 3967 3969 3968 3969)
(brace 9 3974 3976 3975 3976)
(brace 8 3985 3987 3986 3987)
(brace 9 3989 3991 3990 3991)
(environment 1 3996 4011 3996 4011)
(brace 4 3996 4002 3997 4002)
(comment 0 3996 3997 3996 3997)
(brace 9 4009 4011 4010 4011)
(brace 1 4074 4080 4075 4080)
(brace 9 4086 4088 4087 4088)
(inline-math 0 4127 4128 4127 4128)
(brace 8 4132 4134 4133 4134)
(brace 9 4134 4136 4135 4136)
(inline-math 0 4136 4137 4136 4137)
(brace 1 4158 4164 4159 4164)
(brace 9 4169 4171 4170 4171)
(inline-math 0 4218 4219 4218 4219)
(brace 8 4220 4222 4221 4222)
(brace 9 4224 4226 4225 4226)
(brace 8 4240 4242 4241 4242)
(brace 9 4245 4247 4246 4247)
(inline-math 0 4250 4251 4250 4251)
(inline-math 0 4252 4253 4252 4253)
(brace 8 4257 4259 4258 4259)
(brace 9 4259 4261 4260 4261)
(inline-math 0 4261 4262 4261 4262)
(environment 0 4277 4293 4277 4293)
(brace 3 4277 4284 4277 4284)
(brace 9 4291 4293 4292 4293)
(label 0 4293 4309 4301 4308)
(brace label 4293 4301 4294 4301)
(brace 9 4307 4309 4308 4309)
(brace 8 4314 4316 4315 4316)
(brace 9 4316 4318 4317 4318)
(brace 8 4335 4337 4336 4337)
(brace 9 4338 4340 4339 4340)
(brace 8 4347 4349 4348 4349)
(brace 8 4359 4361 4360 4361)
(brace 9 4366 4368 4367 4368)
(brace 9 4367 4369 4368 4369)
(brace 8 4368 4370 4369 4370)
(brace 8 4380 4382 4381 4382)
(brace 9 4385 4387 4386 4387)
(brace 9 4386 4388 4387 4388)
(brace 8 4393 4395 4394 4395)
(brace 8 4405 4407 4406 4407)
(brace 9 4412 4414 4413 4414)
(brace 9 4413 4415 4414 4415)
(brace 8 4414 4416 4415 4416)
(brace 8 4426 4428 4427 4428)
(brace 9 4431 4433 4432 4433)
(brace 9 4432 4434 4433 4434)
(brace 8 4436 4438 4437 4438)
(brace 9 4450 4452 4451 4452)
(environment 1 4454 4468 4454 4468)
(brace 4 4454 4459 4454 4459)
(brace 9 4466 4468 4467 4468)
(inline-math 0 4475 4476 4475 4476)
(brace 8 4480 4482 4481 4482)
(brace 9 4482 4484 4483 4484)
(inline-math 0 4484 4485 4484 4485)
(brace 1 4525 4531 4526 4531)
(brace 9 4537 4539 4538 4539)
(brace 1 4586 4592 4587 4592)
(brace 9 4597 4599 4598 4599)
(environment 0 4606 4622 4606 4622)
(brace 3 4606 4613 4606 4613)
(brace 9 4620 4622 4621 4622)
(label 0 4622 4641 4630 4640)
(brace label 4622 4630 4623 4630)
(brace 9 4639 4641 4640 4641)
(brace 8 4646 4648 4647 4648)
(brace 9 4648 4650 4649 4650)
(brace 8 4667 4669 4668 4669)
(brace 9 4670 4672 4671 4672)
(brace 8 4679 4681 4680 4681)
(brace 9 4681 4683 4682 4683)
(brace 8 4695 4697 4696 4697)
(brace 9 4698 4700 4699 4700)
(brace 8 4709 4711 4710 4711)
(brace 9 4713 4715 4714 4715)
(brace 8 4726 4728 4727 4728)
(brace 9 4729 4731 4730 4731)
(brace 8 4740 4742 4741 4742)
(brace 9 4744 4746 4745 4746)
(environment 1 4750 4764 4750 4764)
(brace 4 4750 4755 4750 4755)
(brace 9 4762 4764 4763 4764)
(brace 1 4781 4787 4782 4787)
(brace 9 4796 4798 4797 4798)
(brace 1 4806 4812 4807 4812)
(brace 9 4819 4821 4820 4821)
(brace 1 4844 4850 4845 4850)
(brace 9 4855 4857 4856 4857)
(inline-math 0 4858 4859 4858 4859)
(brace 8 4863 4865 4864 4865)
(brace 8 4868 4870 4869 4870)
(brace 9 4870 4872 4871 4872)
(brace 9 4871 4873 4872 4873)
(inline-math 0 4873 4874 4873 4874)
(environment 0 4897 4913 4897 4913)
(brace 3 4897 4904 4897 4904)
(brace 9 4911 4913 4912 4913)
(label 0 4913 4935 4921 4925)
(brace label 4913 4921 4914 4921)
(brace 9 4933 4935 4934 4935)
(brace 8 4940 4942 4941 4942)
(brace 8 4945 4947 4946 4947)
(brace 9 4947 4949 4948 4949)
(brace 9 4948 4950 4949 4950)
(brace 8 4967 4969 4968 4969)
(brace 8 4972 4974 4973 4974)
(brace 9 4974 4976 4975 4976)
(brace 9 4976 4978 4977 4978)
(brace 8 4986 4988 4987 4988)
(brace 8 4987 4989 4988 4989)
(brace 9 4989 4991 4990 4991)
(brace 9 4990 4992 4991 4992)
(brace 8 5004 5006 5005 5006)
(brace 9 5007 5009 5008 5009)
(brace 8 5018 5020 5019 5020)
(brace 9 5022 5024 5023 5024)
(brace 8 5035 5037 5036 5037)
(brace 9 5038 5040 5039 5040)
(brace 8 5049 5051 5050 5051)
(brace 9 5053 5055 5054 5055)
(brace 8 5062 5064 5063 5064)
(brace 9 5067 5069 5068 5069)
(brace 8 5077 5079 5078 5079)
(brace 9 5084 5086 5085 5086)
(brace 8 5095 5097 5096 5097)
(brace 9 5102 5104 5103 5104)
(environment 1 5108 5122 5108 5122)
(brace 4 5108 5113 5108 5113)
(brace 9 5120 5122 5121 5122)
(inline-math 0 5200 5201 5200 5201)
(brace 8 5210 5212 5211 5212)
(brace 9 5213 5215 5214 5215)
(brace 8 5224 5226 5225 5226)
(brace 9 5227 5229 5228 5229)
(brace 8 5238 5240 5239 5240)
(brace 9 5242 5244 5243 5244)
(brace 8 5255 5257 5256 5257)
(brace 9 5259 5261 5260 5261)
(brace 8 5270 5272 5271 5272)
(brace 9 5273 5275 5274 5275)
(brace 8 5284 5286 5285 5286)
(brace 9 5287 5289 5288 5289)
(inline-math 0 5290 5291 5290 5291)
(inline-math 0 5371 5372 5371 5372)
(brace 8 5380 5382 5381 5382)
(brace 9 5383 5385 5384 5385)
(inline-math 0 5385 5386 5385 5386)
(environment 0 5419 5435 5419 5435)
(brace 3 5419 5426 5419 5426)
(brace 9 5433 5435 5434 5435)
(brace 8 5440 5442 5441 5442)
(brace 9 5449 5451 5450 5451)
(brace 8 5467 5469 5468 5469)
(brace 9 5470 5472 5471 5472)
(brace 8 5481 5483 5482 5483)
(brace 9 5485 5487 5486 5487)
(brace 8 5498 5500 5499 5500)
(brace 9 5501 5503 5502 5503)
(brace 8 5512 5514 5513 5514)
(brace 9 5516 5518 5517 5518)
(brace 8 5525 5527 5526 5527)
(brace 9 5530 5532 5531 5532)
(brace 8 5540 5542 5541 5542)
(brace 9 5547 5549 5548 5549)
(brace 8 5558 5560 5559 5560)
(brace 9 5565 5567 5566 5567)
(environment 1 5568 5582 5568 5582)
(brace 4 5568 5573 5568 5573)
(brace 9 5580 5582 5581 5582)
(inline-math 0 5628 5629 5628 5629)
(brace 8 5633 5635 5634 5635)
(brace 8 5638 5640 5639 5640)
(brace 9 5640 5642 5641 5642)
(brace 9 5641 5643 5642 5643)
(inline-math 0 5643 5644 5643 5644)
(brace 1 5692 5698 5693 5698)
(brace 9 5704 5706 5705 5706)
(inline-math 0 5764 5765 5764 5765)
(brace 8 5773 5775 5774 5775)
(brace 9 5777 5779 5778 5779)
(inline-math 0 5779 5780 5779 5780)
(inline-math 0 5832 5833 5832 5833)
(brace 8 5837 5839 5838 5839)
(brace 9 5839 5841 5840 5841)
(inline-math 0 5841 5842 5841 5842)
(inline-math 0 5927 5928 5927 5928)
(brace 8 5933 5935 5934 5935)
(brace 9 5938 5940 5939 5940)
(brace 8 5944 5946 5945 5946)
(brace 8 5949 5951 5950 5951)
(brace 9 5951 5953 5952 5953)
(brace 9 5952 5954 5953 5954)
(inline-math 0 5958 5959 5958 5959)
(inline-math 0 5964 5965 5964 5965)
(brace 8 5968 5970 5969 5970)
(brace 9 5970 5972 5971 5972)
(brace 8 5972 5974 5973 5974)
(brace 9 5976 5978 5977 5978)
(inline-math 0 5982 5983 5982 5983)
(inline-math 0 6011 6012 6011 6012)
(brace 8 6016 6018 6017 6018)
(brace 8 6021 6023 6022 6023)
(brace 9 6023 6025 6024 6025)
(brace 9 6024 6026 6025 6026)
(inline-math 0 6026 6027 6026 6027)
(inline-math 0 6041 6042 6041 6042)
(brace 8 6046 6048 6047 6048)
(brace 8 6051 6053 6052 6053)
(brace 9 6053 6055 6054 6055)
(brace 9 6054 6056 6055 6056)
(brace 8 6063 6065 6064 6065)
(brace 9 6065 6067 6066 6067)
(inline-math 0 6067 6068 6067 6068)
(inline-math 0 6132 6133 6132 6133)
(brace 8 6145 6147 6146 6147)
(brace 9 6148 6150 6149 6150)
(inline-math 0 6154 6155 6154 6155)
(environment 0 6324 6340 6324 6340)
(brace 3 6324 6331 6324 6331)
(brace 9 6338 6340 6339 6340)
(brace 8 6342 6344 6343 6344)
(brace 9 6348 6350 6349 6350)
(brace 8 6364 6366 6365 6366)
(brace 9 6366 6368 6367 6368)
(brace 8 6368 6370 6369 6370)
(brace 9 6370 6372 6371 6372)
(brace 5 6384 6391 6385 6391)
(brace 9 6393 6395 6394 6395)
(brace 8 6415 6417 6416 6417)
(brace 9 6418 6420 6419 6420)
(environment 1 6426 6440 6426 6440)
(brace 4 6426 6431 6426 6431)
(brace 9 6438 6440 6439 6440)
